# a
0 0 1 1 1 1 1 1 1 1 1 0 0 0 0 0 0 1 0 0 0 0 0 0 0 0 0 0 0 0 0 0 0 0 0 0 0 0 0 0 0 0 0 1 0 1 0 0 0 0 1 1 1 1 1 1 1 1 0 0 0 0 0 0 0 0 0 0 
451 -141 -713 100 100 -180 -180 -650 -650 -92 -238 -335 -131 -625 100 100 -180 -180 -600 -600 
# o
0 0 1 1 1 1 1 1 1 1 1 1 1 0 0 1 1 1 0 0 0 0 0 0 0 0 0 0 0 0 0 0 0 0 0 0 0 0 0 0 0 0 0 1 0 1 0 0 0 0 1 1 1 1 1 1 1 1 1 1 0 0 0 0 0 0 0 0 
441 -53 -560 -120 -120 -50 -50 -500 -500 -80 -80 120 267 -82 -238 -335 10 -500 -120 -120 -10 -10 -500 -500 -160 -160 
# e
0 0 1 1 1 1 1 1 1 1 1 0 0 0 0 1 1 1 0 0 0 0 0 0 0 0 0 0 0 0 0 0 0 0 0 0 0 0 0 0 0 0 0 1 0 1 0 0 0 0 1 1 1 1 1 1 1 1 0 0 0 0 0 0 0 0 0 0 
276 -160 -402 100 100 -180 -180 -360 -360 -50 -50 -92 -238 -335 -102 -402 100 100 -120 -120 -360 -360 
# i
0 0 1 1 1 1 1 1 1 1 1 0 0 0 0 1 1 1 0 0 0 0 0 0 0 0 0 0 0 0 0 0 0 0 0 0 0 0 0 0 0 0 0 1 0 1 0 0 0 0 1 1 1 1 1 1 1 1 1 1 0 0 0 0 0 0 0 0 
50 -50 -335 50 50 -50 -50 -280 -280 -50 -50 -150 63 -112 82 -257 50 50 34 34 -250 -250 -50 -50 
# u
0 0 1 1 1 1 1 1 1 1 1 1 1 0 0 1 1 1 0 0 0 0 0 0 0 0 0 0 0 0 0 0 0 0 0 0 0 0 0 0 0 0 0 1 0 1 0 0 0 0 1 1 1 1 1 1 1 1 1 1 0 0 0 0 0 0 0 0 
170 90 -200 -120 -120 55 55 -140 -140 -80 -80 208 257 -141 -344 53 140 -130 -120 -120 100 100 -120 -120 -160 -160 
# v
0 0 1 1 1 1 1 1 1 1 1 1 1 0 0 1 1 1 0 0 0 0 0 0 0 0 0 0 0 0 0 0 0 0 0 0 0 0 0 0 0 0 0 1 0 1 0 0 0 0 1 1 1 1 1 1 1 1 1 1 0 0 0 0 0 0 0 0 
170 90 -200 -80 -80 55 55 -140 -140 -80 -80 112 200 -141 -344 53 140 -130 -80 -80 100 100 -120 -120 -160 -160 
# b p m
0 0 0 1 0 1 1 0 1 0 0 0 0 0 0 1 1 0 0 0 0 0 0 0 0 0 0 0 0 0 0 0 0 0 0 0 0 0 0 0 0 0 0 0 0 0 0 0 0 0 1 1 1 1 1 1 1 1 0 0 0 0 0 0 0 0 0 0 
102 -40 -40 5 -80 -180 179 73 -40 -40 130 130 130 130 
# f
0 0 1 1 1 1 1 1 1 1 1 0 0 0 0 1 1 1 0 0 0 0 0 0 0 0 0 0 0 0 0 0 0 0 0 0 0 0 0 0 0 0 0 0 0 0 0 0 0 0 1 1 1 1 1 1 1 1 1 1 0 0 0 0 0 0 0 0 
80 -5 -63 -20 -20 -53 -53 -50 -50 -80 90 80 150 141 -20 -20 100 100 180 180 -50 -50 
# d t n
0 0 1 1 1 1 1 1 1 1 1 1 1 0 0 0 0 1 0 0 0 0 0 0 0 0 0 0 0 0 0 0 0 0 0 0 0 0 0 0 0 0 0 0 0 0 0 0 0 0 1 1 1 1 1 1 1 1 0 0 0 0 0 0 0 0 0 0 
34 -170 -200 50 50 -160 -160 -150 -150 70 70 -130 -30 -160 50 50 -30 -30 -150 -150 
# g k h
0 0 1 1 1 1 1 1 1 1 1 1 1 0 0 0 0 1 0 0 0 0 0 0 0 0 0 0 0 0 0 0 0 0 0 0 0 0 0 0 0 0 0 0 0 0 0 0 0 0 1 1 1 1 1 1 1 1 0 0 0 0 0 0 0 0 0 0 
170 -112 -250 50 50 -90 -90 -220 -220 70 70 150 15 -160 50 50 15 15 -150 -150 
# j q x
0 0 1 1 1 1 1 1 1 1 1 0 0 0 0 1 1 1 0 0 0 0 0 0 0 0 0 0 0 0 0 0 0 0 0 0 0 0 0 0 0 0 0 1 0 1 0 0 0 0 1 1 1 1 1 1 1 1 1 1 0 0 0 0 0 0 0 0 
50 -50 -240 50 50 -50 -50 -200 -200 -50 -50 -150 150 -63 82 -180 50 50 34 34 -160 -160 -50 -50 
# zh ch sh r
0 0 1 1 1 1 1 1 1 1 1 1 1 0 0 1 1 1 0 0 0 0 0 0 0 0 0 0 0 0 0 0 0 0 0 0 0 0 0 0 0 0 0 1 0 1 1 0 0 0 1 1 1 1 1 1 1 1 0 0 0 0 0 0 0 0 0 0 
73 -160 -302 100 100 -180 -180 -260 -260 73 73 -50 -50 -247 15 -24 296 -102 -302 100 100 -120 -120 -260 -260 
# z c s
0 0 1 1 1 1 1 1 1 1 1 1 1 0 0 1 1 1 0 0 0 0 0 0 0 0 0 0 0 0 0 0 0 0 0 0 0 0 0 0 0 0 0 1 0 1 0 0 0 0 1 1 1 1 1 1 1 1 0 0 0 0 0 0 0 0 0 0 
73 -160 -208 100 100 -180 -180 -200 -200 73 73 -50 -50 -247 -112 -121 -53 -150 100 100 -65 -65 -160 -160 
# -n
0 0 1 1 1 1 1 1 1 1 1 1 1 0 0 0 0 1 0 0 0 0 0 0 0 0 0 0 0 0 0 0 0 0 0 0 0 0 0 0 0 0 0 0 0 0 0 0 0 0 1 1 1 1 1 1 1 1 0 0 0 0 0 0 0 0 0 0 
34 -170 -200 50 50 -160 -160 -150 -150 70 70 -130 -30 -160 50 50 -30 -30 -150 -150 
# -ng
0 0 1 1 1 1 1 1 1 1 1 1 1 0 0 0 0 1 0 0 0 0 0 0 0 0 0 0 0 0 0 0 0 0 0 0 0 0 0 0 0 0 0 0 0 0 0 0 0 0 1 1 1 1 1 1 1 1 0 0 0 0 0 0 0 0 0 0 
130 -170 -200 50 50 -160 -160 -150 -150 70 70 -80 -30 -160 50 50 -30 -30 -150 -150 
