# joy 
0 0 1 1 1 1 1 1 1 1 1 1 1 0 0 0 0 0 1 1 1 1 0 0 0 0 0 0 0 0 0 0 0 0 0 0 0 0 0 0 1 1 0 1 0 0 0 0 0 0 1 1 1 1 1 1 1 1 1 1 0 0 0 0 0 0 0 0
75 -360 -105 135 135 -330 -330 -80 -80 525 525   120 120 20 20  150 150   -120   -150 -70 150 150 -150 -150 -60 -60 540 540 
# sadness 
0 0 0 0 0 0 0 0 0 0 0 1 1 0 0 0 0 0 1 1 1 1 0 0 0 0 0 0 0 0 1 1 1 1 1 1 1 1 0 0 0 0 0 0 0 0 0 0 0 0 0 0 0 0 0 0 0 0 1 1 0 0 0 0 0 0 0 0 
-300 -300   300 300 150 150     50 50 13 13 -37 -37 150 150   -300 -300
# anger 
0 0 0 1 1 1 1 1 1 1 1 1 1 0 0 0 0 0 1 1 1 1 0 0 0 0 0 0 0 0 1 1 1 1 1 1 1 1 0 0 0 0 0 0 0 0 0 0 0 0 1 1 1 1 1 1 1 1 1 1 0 0 0 0 0 0 0 0
-150 -22 12 12 -150 -150 -22 -22 -135 -135   225 225 135 135  -175 -175 -140 -140 -63 -63 145 145  -135 -22 22 22 -115 -115 -12 -12 -150 -150
# fear
0 0 1 1 1 1 1 1 1 1 1 1 1 0 0 0 0 0 1 1 1 1 0 0 0 0 0 0 0 0 1 1 1 1 1 1 1 1 0 0 0 0 0 1 0 0 0 0 0 0 1 1 1 1 1  1 1 1 1 1 0 0 0 0 0 0 0 0 
325 0 -325 0 0 0 0 -360 -360  0 0    -15 -15 8 8      60 60 15 15 -45 -45 180 180  -330  0 -330 0 0 0 0 -315 -315  0 0 
# disgust
0 0 1 1 1 1 1 1 1 1 1 1 1 0 0 0 0 0 1 1 1 1 0 0 0 0 0 0 0 0 1 1 1 1 1 1 0 0 0 0 1 1 0 1 0 0 0 0 0 0 1 1 1 1 1  1 1 1 1 1 0 0 0 0 0 0 0 0 
150 -100 -100 100 0 -200 -50 -25 -100 300 0    220 150 160 100   -100 -50 -100 -50 -130 -70   200 140   0    -100 -50 100 0 -160 -50 50 0 300 0
# surprise 
0 0 1 0 1 1 1 0 0 1 1 1 1 0 0 0 0 0 0 0 0 0 0 0 0 0 0 0 0 0 1 1 1 1 1 1 0 0 0 0 0 0 0 1 0 0 0 0 0 0 0 1 1 1 0 0 1 1 1 1 0 0 0 0 0 0 0 0
 775 -795 -90 -90 -735 -735 -135 -135 210 210 210 210 195 195 -450 -795 -60 -60 -735 -735 -135 -135
