#
#
# hair and eyebrows		
0  266 
	289,290,850,-1,
	550,877,551,-1,
	289,850,849,-1,
	289,849,288,-1,
	288,849,809,-1,
	288,809,287,-1,
	287,809,549,-1,
	809,876,549,-1,
	549,876,550,-1,
	876,877,550,-1,
	850,910,849,-1,
	849,910,809,-1,
	809,910,813,-1,
	809,813,911,-1,
	809,911,876,-1,
	876,911,877,-1,
	850,912,910,-1,
	912,913,910,-1,
	910,913,813,-1,
	913,814,813,-1,
	913,815,814,-1,
	814,815,915,-1,
	813,814,915,-1,
	813,915,911,-1,
	911,915,914,-1,
	911,914,877,-1,
	290,901,850,-1,
	901,900,850,-1,
	900,912,850,-1,
	900,899,912,-1,
	899,898,912,-1,
	898,897,912,-1,
	897,913,912,-1,
	897,896,913,-1,
	896,895,913,-1,
	913,895,815,-1,
	895,894,815,-1,
	894,816,815,-1,
	816,902,815,-1,
	902,903,815,-1,
	903,915,815,-1,
	903,904,915,-1,
	904,905,915,-1,
	905,914,915,-1,
	905,906,914,-1,
	906,907,914,-1,
	907,908,914,-1,
	908,877,914,-1,
	908,909,877,-1,
	909,551,877,-1,
	901,290,291,-1,
	901,291,885,-1,
	901,885,884,-1,
	901,884,900,-1,
	899,900,884,-1,
	899,884,883,-1,
	899,883,882,-1,
	899,882,898,-1,
	898,882,897,-1,
	897,882,881,-1,
	897,881,880,-1,
	896,897,880,-1,
	896,880,895,-1,
	895,880,879,-1,
	895,879,878,-1,
	894,895,878,-1,
	894,878,817,-1,
	894,817,816,-1,
	878,818,817,-1,
	818,886,817,-1,
	817,902,816,-1
	817,886,902,-1,
	886,903,902,-1,
	903,886,887,-1,
	887,888,903,-1,
	888,904,903,-1,
	888,905,904,-1,
	905,888,889,-1,
	889,890,905,-1,
	890,906,905,-1,
	890,907,906,-1,
	907,890,891,-1,
	891,892,907,-1,
	907,892,908,-1,
	892,909,908,-1,
	909,892,893,-1,
	909,893,551,-1,
	551,893,552,-1,
	291,843,885,-1,
	843,844,867,-1,
	885,843,867,-1,
	885,867,884,-1,
	884,867,883,-1,
	883,867,866,-1,
	883,866,865,-1,
	883,865,882,-1,
	882,865,881,-1,
	881,865,864,-1,
	881,864,863,-1,
	881,863,880,-1,
	879,880,863,-1,
	879,863,862,-1,
	879,862,861,-1,
	879,861,878,-1,
	818,878,819,-1,
	878,861,819,-1,
	819,861,820,-1,
	818,819,886,-1,
	819,820,869,-1,
	819,869,886,-1,
	886,869,887,-1,
	887,869,870,-1,
	887,870,871,-1,
	871,888,887,-1,
	888,871,889,-1,
	889,871,872,-1,
	889,872,873,-1,
	873,890,889,-1,
	890,873,891,-1,
	891,873,874,-1,
	891,874,875,-1,
	875,892,891,-1,
	892,875,893,-1,
	893,916,552,-1,
	893,875,916,-1,
	844,845,867,-1,
	845,846,928,-1,
	867,845,928,-1,
	928,866,867,-1,
	866,928,927,-1,
	927,926,866,-1,
	866,926,865,-1,
	926,864,865,-1,
	926,925,864,-1,
	864,925,924,-1,
	924,863,864,-1,
	863,924,862,-1,
	862,924,923,-1,
	923,922,862,-1,
	922,861,862,-1,
	861,821,820,-1,
	821,861,822,-1,
	861,922,822,-1,
	822,922,823,-1,
	823,922,824,-1,
	820,821,869,-1
	869,821,822,-1,
	869,822,929,-1,
	929,822,823,-1,
	929,823,824,-1,
	869,929,870,-1,
	870,929,930,-1,
	930,931,870,-1,
	931,871,870,-1,
	871,931,872,-1,
	931,932,872,-1,
	932,933,872,-1,
	933,873,872,-1,
	873,933,874,-1,
	933,934,874,-1,
	934,935,874,-1,
	935,875,874,-1,
	875,918,917,-1,
	935,919,918,-1,
	918,875,935,-1,
	846,847,928,-1,
	847,855,854,-1,
	854,927,847,-1,
	928,847,927,-1,
	854,926,927,-1,
	854,925,926,-1,
	925,854,853,-1,
	853,924,925,-1,
	924,853,923,-1,
	923,853,852,-1,
	852,922,923,-1,
	922,852,851,-1,
	922,851,824,-1,
	824,851,825,-1,
	824,825,856,-1,
	824,856,929,-1,
	929,856,857,-1,
	857,930,929,-1,
	857,858,930,-1,
	858,931,930,-1,
	932,931,858,-1,
	932,858,859,-1,
	933,932,859,-1,
	859,934,933,-1,
	935,934,920,-1,
	935,920,919,-1,
	920,934,859,-1,
	859,860,920,-1,
	844,843,136,-1,
	843,170,136,-1,
	843,291,170,-1,
	403,916,917,-1,
	403,432,916,-1,
	432,552,916,-1,
     157  ,   162  ,   161      ,		-1,
     156  ,   157  ,   161      ,		-1,
     158  ,   163  ,   162      ,		-1,
     157  ,   158  ,   162      ,		-1,
     159  ,   164  ,   163      ,		-1,
     158  ,   159  ,   163      ,		-1,
     160  ,   165  ,   164      ,		-1,
     159  ,   160  ,   164      ,		-1,
     160  ,   135  ,   165      ,		-1,
     162  ,   167  ,   166      ,		-1,
     161  ,   162  ,   166      ,		-1,
     163  ,   168  ,   167      ,		-1,
     162  ,   163  ,   167      ,		-1,
     164  ,   169  ,   168      ,		-1,
     163  ,   164  ,   168      ,		-1,
     165  ,   170  ,   169      ,		-1,
     164  ,   165  ,   169      ,		-1,
     136  ,   170  ,   135      ,		-1,
     165  ,   135  ,   170      ,		-1,
     167  ,   288  ,   287      ,		-1,
     166  ,   167  ,   287      ,		-1,
     168  ,   289  ,   288      ,		-1,
     167  ,   168  ,   288 	,		-1,
     169  ,   290  ,   289	,		-1,
     168  ,   169  ,   289	,		-1,
     170  ,   291  ,   290	,		-1,
     169  ,   170  ,   290	,		-1,
     161  ,   425  ,   421	,		-1,
     161  ,   421  ,   156	,		-1,
     425  ,   426  ,   422	,		-1,
     425  ,   422  ,   421	,		-1,
     426  ,   427  ,   423	,		-1,
     426  ,   423  ,   422	,		-1,
     427   ,  428  ,   424	,		-1,
     427   ,  424  ,   423	,		-1,
     428   ,  402  ,   424	,		-1,
     166  ,   429  ,   425	,		-1,
     166  ,   425  ,   161	,		-1,
     429   ,  430  ,   426	,		-1,
     429   ,  426  ,   425	,		-1,
     430   ,  431  ,   427	,		-1,
     430   ,  427  ,   426	,		-1,
     431  ,   432  ,   428	,		-1,
     431   ,  428  ,   427	,		-1,
     428  ,   432  ,   402	,		-1,
     403   ,  402  ,   432	,		-1,
     287  ,   549 ,    429	,		-1,
     287  ,   429 ,    166	,		-1,
     549  ,   550 ,    430	,		-1,
     549 ,    430 ,    429	,		-1,
     550  ,   551 ,    431	,		-1,
     550 ,    431 ,    430	,		-1,
     551  ,   552 ,    432	,		-1,
     551  ,   432 ,    431	,		-1,
     138  ,      144  ,   143	,		-1,       
     139  ,      145  ,   144	,		-1,
     138  ,      139  ,   144	,		-1,
     140  ,      146  ,   145	,		-1,
     139  ,      140  ,   145	,		-1,
     140  ,      147  ,   146	,		-1,
     411    ,    405  ,   410	,		-1,
     411    ,    412  ,   406	,		-1,
     411    ,    406  ,   405	,		-1,
     412    ,    413  ,   407	,		-1,
     412    ,    407  ,   406	,		-1,
     413    ,    414  ,   407	,		-1,
	917,916,875,-1,
#				   		
#
#
# mouth
3  54
      64   ,   67   ,   66	   ,		-1,
      63   ,   64   ,   66	   ,		-1,
      65   ,   68   ,   67	   ,		-1,
      64   ,   65   ,   67	   ,		-1,
      286  ,   69   ,   68	   ,		-1,
      65   ,   286  ,   68	   ,		-1,
      61   ,   64   ,   63	   ,		-1,
      60   ,   61   ,   63	   ,		-1,
      62   ,   65   ,   64	   ,		-1,
      61   ,   62   ,   64	   ,		-1,
      62   ,   286  ,   65	   ,		-1,
      55   ,   58   ,   57	   ,		-1,
      54   ,   55   ,   57	   ,		-1,
      56   ,   59   ,   58	   ,		-1,
      55   ,   56   ,   58	   ,		-1,
      56   ,   286  ,   59	   ,		-1,
      52   ,   55   ,   54	   ,		-1,
      51   ,   52   ,   54	   ,		-1,
      53   ,   56   ,   55	   ,		-1,
      52   ,   53   ,   55	   ,		-1,
      53   ,   286  ,   56	   ,		-1,
      49   ,   52   ,   51	   ,		-1,
      48   ,   49   ,   51	   ,		-1,
      50   ,   53   ,   52	   ,		-1,
      49   ,   50   ,   52	   ,		-1,
      69   ,   286  ,   53	   ,		-1,
      50   ,   69   ,   53	   ,		-1,
      66   ,   343  ,   341	   ,		-1,
      66   ,   341  ,   63	   ,		-1,
      343  ,   344  ,   342	   ,		-1,
      343  ,   342  ,   341	   ,		-1,
      344  ,   345  ,   548	   ,		-1,
      344  ,   548  ,   342	   ,		-1,
      63   ,   341  ,   339	   ,		-1,
      63   ,   339  ,   60	   ,		-1,
      341  ,   342  ,   340	   ,		-1,
      341  ,   340  ,   339	   ,		-1,
      342  ,   548  ,   340	   ,		-1,
      57   ,   337  ,   335	   ,		-1,
      57   ,   335  ,   54	   ,		-1,
      337  ,   338  ,   336	   ,		-1,
      337  ,   336  ,   335	   ,		-1,
      338  ,   548  ,   336	   ,		-1,
      54   ,   335  ,   333	   ,		-1,
      54   ,   333  ,   51	   ,		-1,
      335  ,   336  ,   334	   ,		-1,
      335  ,   334  ,   333	   ,		-1,
      336  ,   548  ,   334	   ,		-1,
      51   ,   333  ,   331	   ,		-1,
      51   ,   331  ,   48	   ,		-1,
      333  ,   334  ,   332	   ,		-1,
      333  ,   332  ,   331	   ,		-1,
      334  ,   548  ,   345	   ,		-1,
      334  ,   345  ,   332	   ,		-1,
#
#
#
# skin
2 780 
     141  ,      142  ,   147	,		-1,
     414    ,    409  ,   408	,		-1,
     407    ,    414  ,   408	,		-1,
     141  ,      147  ,   140	,		-1,
      6      , 5    ,   0	   , 		-1,
      1      , 6    ,   0	   , 		-1,
      1      , 7    ,   6	   , 		-1,
      2      , 7    ,   1	   , 		-1,
      2   ,    8   ,    7	   , 		-1,
      3   ,    8   ,    2	   , 		-1,
      3   ,    9   ,    8	   , 		-1,
      4   ,    9   ,    3	   , 		-1,
      4   ,    21  ,    9	   , 		-1,
      6   ,    11  ,    10	   , 		-1,
      5   ,    6   ,    10	   , 		-1,
      6   ,    12  ,    11	   , 		-1,
      7   ,    12  ,    6	   , 		-1,
      7   ,    19  ,    12	   , 		-1,
      8   ,    19  ,    7	   , 		-1,
      20  ,    19  ,    8	   , 		-1,
      9   ,    20  ,    8	   , 		-1,
      9   ,    21  ,    20	   , 		-1,
      11  ,    14  ,    13	   , 		-1,
      10  ,    11  ,    13	   , 		-1,
      11  ,    17  ,    14	   , 		-1,
      12  ,    17  ,    11	   , 		-1,
      12  ,    18  ,    17	   , 		-1,
      19  ,    18  ,    12	   , 		-1,
      14  ,    16  ,    15	   , 		-1,
      13  ,    14  ,    15	   , 		-1,
      14  ,    17  ,    16	   , 		-1,
      16  ,    23  ,    22	   , 		-1,
      15  ,    16  ,    22	   , 		-1,
      16  ,    24  ,    23	   , 		-1,
      23  ,    31  ,    30	   , 		-1,
      22  ,    23  ,    30	   , 		-1,
      24  ,    32  ,    31	   , 		-1,
      23  ,    24  ,    31	   , 		-1,
      24  ,    35  ,    32	   , 		-1,
      31  ,    34  ,    33	   , 		-1,
      30  ,    31  ,    33	   , 		-1,
      31  ,    32  ,    34	   , 		-1,
      32  ,    35  ,    34	   , 		-1,
      33  ,    41  ,    40	   , 		-1,
      34  ,    41  ,    33	   , 		-1,
      34  ,    42 ,     41	   , 		-1,
      34  ,    35 ,     42	   , 		-1,
      43  ,    69 ,     42	   , 		-1,
      35  ,    43 ,     42	   , 		-1,
      35  ,    44 ,     43	   , 		-1,
      41  ,    49 ,     48	   , 		-1,
      40  ,    41 ,     48	   , 		-1,
      42  ,    50 ,     49	   , 		-1,
      41  ,    42 ,     49	   , 		-1,
      42  ,    69 ,     50	   , 		-1,
      16  ,    17 ,     24	   , 		-1,
      17  ,    25 ,     24	   , 		-1,
       18  ,    26 ,     25	   , 		-1,
       17  ,    18 ,     25	   , 		-1,
       19  ,    27 ,     26	   , 		-1,
       18  ,    19 ,     26	   , 		-1,
       20  ,    28 ,     27	   , 		-1,
       19  ,    20 ,     27	   , 		-1,
       21  ,    29 ,     28	   , 		-1,
       20  ,    21 ,     28	   , 		-1,
       24  ,    36 ,     35	   , 		-1,
       25  ,    37 ,     36	   , 		-1,
       24  ,    25 ,     36	   , 		-1,
       26  ,    38 ,     37	   , 		-1,
       25  ,    26 ,     37	   , 		-1,
       27  ,    39 ,     38	   , 		-1,
       26  ,    27 ,     38	   , 		-1,
       28  ,    105,     39	   , 		-1,
       27  ,    28 ,     39	   , 		-1,
       29  ,    106,     105	   , 		-1,
       28  ,    29 ,     105	   , 		-1,
       36  ,    45 ,     44	   , 		-1,
       35  ,    36 ,     44	   , 		-1,
       37  ,    46 ,     45	   , 		-1,
       36  ,    37 ,     45	   , 		-1,
       37  ,    47 ,     46	   , 		-1,
       37  ,    38 ,     47	   , 		-1,
       38  ,    104 ,    47	   , 		-1,
       38  ,    39  ,    104	   , 		-1,
       39  ,    105 ,    104	   , 		-1,
       67  ,    71  ,    70	   , 		-1,
       66  ,    67  ,    70	   , 		-1,
       68  ,    72  ,    71	   , 		-1,
       67  ,    68  ,    71	   , 		-1,
       68  ,    43  ,    72	   , 		-1,
       69  ,    43  ,    68	   , 		-1,
       71  ,    85  ,    86	   , 		-1,
       70  ,    71  ,    86	   , 		-1,
       72  ,    84  ,    85	   , 		-1,
       71  ,    72  ,    85	   , 		-1,
       72  ,    43  ,    84	   , 		-1,
       43  ,    83  ,    84	   , 		-1,
       43  ,    93  ,    83	   , 		-1,
       43  ,    94  ,    93	   , 		-1,
       94  ,    100 ,    93	   , 		-1,
       43  ,    44  ,    94	   , 		-1,
       94  ,    95  ,    100	   , 		-1,
       95  ,    101 ,    100	   , 		-1,
       45  ,    95  ,    94	   , 		-1,
       44  ,    45  ,    94	   , 		-1,
       46  ,    101 ,    95	   , 		-1,
       45  ,    46  ,    95	   , 		-1,
       46  ,    102 ,    101	   , 		-1,
       103 ,    102 ,    46	   , 		-1,
       46  ,    47  ,    103	   , 		-1,
       47  ,    104 ,    103	   , 		-1,
       101 ,    111 ,    100	   , 		-1,
       101 ,    112 ,    111	   , 		-1,
       102 ,    113 ,    112	   , 		-1,
       101 ,    102 ,    112	   , 		-1,
       103 ,    114 ,    113	   , 		-1,
       102 ,    103 ,    113	   , 		-1,
       115 ,    114 ,    103	   , 		-1,
       103 ,    104 ,    115	   , 		-1,
       116 ,    115 ,    104	   , 		-1,
       104 ,    105 ,    116	   , 		-1,
       106 ,    117 ,    116	   , 		-1,
       105 ,    106 ,    116	   , 		-1,
       111 ,    130 ,    129	   , 		-1,
       112 ,    118 ,    111	   , 		-1,
       111 ,    118 ,    130	   , 		-1,
       113 ,    119 ,    118	   , 		-1,
       112 ,    113 ,    118	   , 		-1,
       114 ,    120 ,    119	   , 		-1,
       113 ,    114 ,    119	   , 		-1,
       115 ,    121 ,    120	   , 		-1,
       114 ,    115 ,    120	   , 		-1,
       116 ,    122 ,    121	   , 		-1,
       115 ,    116 ,    121	   , 		-1,
       111 ,    129 ,    128	   , 		-1,
       110 ,    111 ,    128	   , 		-1,
        116,     117,     123     ,		-1,
        118,     131,     130     ,		-1,
        119,     132,     131     ,		-1,
        118,     119,     131     ,		-1,
        120,     133,     132     ,		-1,
        119,     120,     132     ,		-1,
        121,     134,     133     ,		-1,
        120,     121,     133     ,		-1,
        121,     122,     134     ,		-1,
         100,    111,     110     ,		-1,
         0 ,      5 ,      296    ,		-1,
         0 ,     296,     292     ,		-1,
         296,    297,     292     ,		-1,
         292,    297,     293     ,		-1,
         297,    298,     293     ,		-1,
         293,    298,     294     ,		-1,
         298,    299,     294     ,		-1,
         294,    299,     295     ,		-1,
         299,    308,     295     ,		-1,
         10 ,    300,     296     ,		-1,
         10 ,     296 ,    5	       ,	-1,
         300,     301 ,    296      ,		-1,
         296,     301 ,    297      ,		-1,
         301,     306 ,    297      ,		-1,
         297,     306 ,    298      ,		-1,
         298,     306 ,    307      ,		-1,
         298,     307 ,    299      ,		-1,
         307,     308 ,    299      ,		-1,
         13 ,     302 ,    300      ,		-1,
         13 ,     300 ,    10       ,		-1,
         302,     304 ,    300      ,		-1,
         300,     304 ,    301      ,		-1,
         304,     305 ,    301      ,		-1,
         301,     305 ,    306      ,		-1,
         15 ,     303 ,    302      ,		-1,
         15 ,     302 ,    13       ,		-1,
         303,     304 ,    302      ,		-1,
         22 ,     309 ,    303,			-1,
         22 ,     303 ,    15 ,			-1,
         309,     310 ,    303,			-1,
         30 ,     316 ,    309,			-1,
         30 ,     309 ,    22 ,			-1,
         316,     317 ,    310,			-1,
         316,     310 ,    309,			-1,
         317,     319 ,    310,			-1,
         33 ,     318 ,    316,			-1,
         33 ,     316 ,    30 ,			-1,
         318,     317 ,    316,			-1,
         318,     319 ,    317,			-1,
         40 ,     324 ,    33 ,			-1,
         33 ,     324 ,    318,			-1,
         324,     325 ,    318,			-1,
         325,     319 ,    318,			-1,
         325,     345 ,    326,			-1,
         325,     326 ,    319,			-1,
         326,     327 ,    319,			-1,
         48 ,     331 ,    324,			-1,
         48  ,    324 ,    40   ,		-1,
         331 ,    332 ,    325  ,		-1,
         331 ,    325 ,    324  ,		-1,
         332 ,    345 ,    325  ,		-1,
         310 ,    304 ,    303  ,		-1,
         310 ,    311 ,    304  ,		-1,
         311 ,    312 ,    305  ,		-1,
         311 ,    305 ,    304  ,		-1,
         312 ,    313 ,    306  ,		-1,
         312 ,    306 ,    305  ,		-1,
         313 ,    314 ,    307  ,		-1,
         313 ,    307 ,    306  ,		-1,
         314 ,    315 ,    308  ,		-1,
         314 ,    308 ,    307  ,		-1,
         319 ,    320 ,    310  ,		-1,
         320 ,    321 ,    311  ,		-1,
         320 ,    311 ,    310  ,		-1,
         321 ,    322 ,    312     ,		-1,
         321 ,    312 ,    311     ,		-1,
         322 ,    323 ,    313     ,		-1,
         322 ,    313 ,    312     ,		-1,
         323 ,    374 ,    314     ,		-1,
         323 ,    314 ,    313     ,		-1,
         374 ,    375 ,    315     ,		-1,
         374 ,    315 ,    314     ,		-1,
         327 ,    328 ,    320     ,		-1,
         327 ,    320 ,    319     ,		-1,
         328 ,    329 ,    321     ,		-1,
         328 ,    321 ,    320     ,		-1,
         329 ,    330 ,    321     ,		-1,
         330 ,    322 ,    321     ,		-1,
         330 ,    373 ,    322     ,		-1,
         373 ,    323 ,    322     ,		-1,
         373 ,    374 ,    323     ,		-1,
         70  ,    346 ,    343     ,		-1,
         70  ,    343 ,    66      ,		-1,
         346 ,    347 ,    344     ,		-1,
         346 ,    344 ,    343     ,		-1,
         347 ,    326 ,    344     ,		-1,
         344 ,    326 ,    345     ,		-1,
         86  ,    359 ,    346     ,		-1,
         86  ,    346 ,    70      ,		-1,
         359 ,    358 ,    347     ,		-1,
         359 ,    347 ,    346     ,		-1,
         358 ,    326 ,    347     ,		-1,
         358 ,    357 ,    326     ,		-1,
         357 ,    363 ,    326     ,		-1,
         363 ,    364 ,    326     ,		-1,
         363 ,    369 ,    364     ,		-1,
         364 ,    327 ,    326     ,		-1,
         369 ,    365 ,    364     ,		-1,
         369 ,    370 ,    365     ,		-1,
         364 ,    365 ,    328     ,		-1,
         364 ,    328 ,    327     ,		-1,
         365 ,    370 ,    329    ,		-1,
         365 ,    329 ,    328    ,		-1,
         370 ,    371 ,    329    ,		-1,
         329 ,    371 ,    372    ,		-1,
         372 ,    330 ,    329    ,		-1,
         372 ,    373 ,    330    ,		-1,
         369 ,    379 ,    370    ,		-1,
         379 ,    380 ,    370    ,		-1,
         380 ,    381 ,    371    ,		-1,
         380 ,    371 ,    370    ,		-1,
         381 ,    382 ,    372    ,		-1,
         381 ,    372 ,    371    ,		-1,
         372 ,    382 ,    383    ,		-1,
         383 ,    373 ,    372    ,		-1,
         373  ,   383 ,    384    ,		-1,
         384  ,   374 ,    373    ,		-1,
         384  ,   385 ,    375    ,		-1,
         384  ,   375 ,    374    ,		-1,
         396 ,    397 ,    379    ,		-1,
         379 ,    386 ,    380    ,		-1,
         397 ,    386 ,    379    ,		-1,
         386 ,    387 ,    381    ,		-1,
         386  ,   381 ,    380    ,		-1,
         387  ,   388 ,    382    ,		-1,
         387 ,    382 ,    381    ,		-1,
         388 ,    389 ,    383    ,		-1,
         388 ,    383 ,    382    ,		-1,
         389 ,    390 ,    384    ,		-1,
        389  ,   384  ,   383     ,		-1,
        391  ,   385  ,   384     ,		-1,
        397  ,   398  ,   386     ,		-1,
        398  ,   399  ,   387     ,		-1,
        398  ,   387  ,   386     ,		-1,
        399  ,   400  ,   388     ,		-1,
        399  ,   388  ,   387     ,		-1,
        400  ,   401   ,  389     ,		-1,
        400  ,   389  ,   388     ,		-1,
        401  ,   390  ,   389,			-1,
         395 ,    396 ,    379,			-1,
         395 ,    379 ,    378,			-1,
         378 ,    379 ,    369,			-1,
        123  ,   122  ,   116,      		-1,
         122 ,    135 ,    134     ,		-1,
         135 ,    122 ,    123     ,		-1,
         123 ,    136 ,    135     ,		-1,
         150 ,    157 ,    156     ,		-1,
         149 ,    150 ,    156     ,		-1,
         151 ,    158 ,    157     ,		-1,
         150 ,    151 ,    157     ,		-1,
         151 ,    152 ,    158     ,		-1,
        151  ,   152  ,   158      ,		-1,
        153  ,   159  ,   158      ,		-1,
        152  ,   153  ,   158      ,		-1,
        154  ,   160  ,   159      ,		-1,
        153  ,   154  ,   159      ,		-1,
        135  ,   160  ,   154      ,		-1,
        154  ,   134  ,   135      ,		-1,
      384 ,    390 ,    391	,		-1,
      401 ,    402 ,    390	,		-1,
      391 ,    390 ,    402	,		-1,
      402 ,    403 ,    391	,		-1,
      156 ,    421 ,    416	,		-1,
      156 ,    416 ,    149	,		-1,
      421 ,    422 ,    417	,		-1,
      421 ,    417 ,    416	,		-1,
      422 ,    418 ,    417	,		-1,
     422  ,   418  ,   417	,		-1,
     422  ,   423  ,   419	,		-1,
     422  ,   419  ,   418	,		-1,
     423  ,   424  ,   420	,		-1,
     423  ,   420  ,   419	,		-1,
     420  ,   424  ,   402	,		-1,
     402  ,   401  ,   420	,		-1,
    148   ,     150   ,  149		,	-1,
    155   ,     148   ,  149		,	-1,
    143   ,     144   ,  150		,	-1,
    148   ,     143   ,  150		,	-1,
    144   ,     151   ,  150		,	-1,
    144   ,     152   ,  151		,	-1,
     125  ,      148  ,   155	,		-1,
     124  ,      125  ,   155	,		-1,
     126  ,      143  ,   148	,		-1,
     125  ,      126  ,   148	,		-1,
     127  ,      137  ,   143	,		-1,
     126  ,      127  ,   143	,		-1,
     137  ,      138  ,   143	,		-1,
     142  ,      154  ,   147	,		-1,
     142  ,      134  ,   154	,		-1,
     172  ,      137  ,   127	,		-1,
     171  ,      172  ,   127	,		-1,
     173  ,      138  ,   137	,		-1,
     172  ,      173  ,   137	,		-1,
     174  ,      139   ,  138	,		-1,
     173  ,      174   ,  138	,		-1,
     175  ,      140  ,   139	,		-1,
     174  ,      175  ,   139	,		-1,
     176  ,      141  ,   140	,		-1,
     175  ,      176  ,   140	,		-1,
     177  ,      142  ,   141	,		-1,
     176  ,      177  ,   141	,		-1,
     177  ,      134  ,   142	,		-1,
     178  ,      171  ,   127	,		-1,
     128    ,    178  ,   127	,		-1,
     179    ,    178  ,   128	,		-1,
     129    ,    179  ,   128	,		-1,
     180    ,    179  ,   129	,		-1,
     130    ,    180  ,   129	,		-1,
     181    ,    180  ,   130	,		-1,
     131    ,    181  ,   130	,		-1,
     182    ,    181  ,   131	,		-1,
     132    ,    182  ,   131	,		-1,
     177    ,    182  ,   132	,		-1,
     133    ,    177  ,   132	,		-1,
     133    ,    134  ,   177	,		-1,
     196    ,    172  ,   171	,		-1,
     195    ,    196  ,   171	,		-1,
     197    ,    173  ,   172	,		-1,
     196    ,    197  ,   172	,		-1,
     198    ,    174  ,   173	,		-1,
     197    ,    198  ,   173	,		-1,
     199    ,    175  ,   174	,		-1,
     198    ,    199  ,   174	,		-1,
     200    ,    176  ,   175	,		-1,
     199    ,    200  ,   175	,		-1,
     188    ,    177  ,   176	,		-1,
     200    ,    188  ,   176	,		-1,
     201    ,    196  ,   195	,		-1,
     202    ,    197  ,   196	,		-1,
     201    ,    202  ,   196	,		-1,
     203    ,    198  ,   197	,		-1,
     202    ,    203  ,   197	,		-1,
     204    ,    199  ,   198	,		-1,
     203    ,    204  ,   198	,		-1,
     205    ,    200  ,   199	,		-1,
     204    ,    205  ,   199	,		-1,
     205    ,    188  ,   200	,		-1,
     206    ,    201  ,   195	,		-1,
     207    ,    202  ,   201	,		-1,
     206    ,    207  ,   201	,		-1,
     208    ,    203  ,   202	,		-1,
     207    ,    208  ,   202	,		-1,
     209    ,    204  ,   203	,		-1,
     208    ,    209  ,   203	,		-1,
     210    ,    205  ,   204	,		-1,
     209    ,    210  ,   204	,		-1,
     210    ,    188  ,   205	,		-1,
     211    ,    206  ,   195	,		-1,
     221    ,    211  ,   195	,		-1,
     212    ,    207  ,   206	,		-1,
     211    ,    212  ,   206	,		-1,
     213    ,    208  ,   207	,		-1,
     212    ,    213  ,   207	,		-1,
     214    ,    209  ,   208	,		-1,
     213    ,    214  ,   208	,		-1,
     215    ,    210  ,   209	,		-1,
     214    ,    215  ,   209	,		-1,
     194    ,    188  ,   210	,		-1,
     215    ,    194  ,   210	,		-1,
	195 , 189 , 211 , -1,
     189    ,    221  ,   195	,		-1,
     183    ,    189  ,   195	,		-1,
     184    ,    190  ,   189	,		-1,
     183    ,    184  ,   189	,		-1,
     185    ,    191  ,   190	,		-1,
     184    ,    185  ,   190	,		-1,
     186    ,    192  ,   191	,		-1,
     185    ,    186  ,   191	,		-1,
     187    ,    193  ,   192	,		-1,
     186    ,    187  ,   192	,		-1,
     188    ,    194  ,   193	,		-1,
     187    ,    188  ,   193	,		-1,
     183    ,    195  ,   171	,		-1,
     178    ,    183  ,   171	,		-1,
     179    ,    184  ,   183	,		-1,
     178    ,    179  ,   183	,		-1,
     180    ,    185  ,   184	,		-1,
     179    ,    180  ,   184	,		-1,
     181    ,    186  ,   185	,		-1,
     180    ,    181  ,   185	,		-1,
     182    ,    187  ,   186	,		-1,
     181    ,    182  ,   186	,		-1,
     177    ,    188  ,   187	,		-1,
     182    ,    177  ,   187	,		-1,
     145    ,    152  ,   144	,		-1,
     146    ,    152  ,   145	,		-1,
     147    ,    153  ,   152	,		-1,
     146    ,    147  ,   152	,		-1,
     147    ,    154  ,   153	,		-1,
     410    ,    405  ,   404	,		-1,
     414    ,    420  ,   409	,		-1,
     420    ,    401  ,   409	,		-1,
     394    ,    404  ,   434	,		-1,
     394    ,    434  ,   433	,		-1,
     404    ,    405  ,   435	,		-1,
     404    ,    435  ,   434	,		-1,
     405    ,    406  ,   436	,		-1,
     405    ,    436  ,   435	,		-1,
     406    ,    407  ,   437	,		-1,
     406    ,    437  ,   436	,		-1,
     407    ,    408  ,   438	,		-1,
     407    ,    438  ,   437	,		-1,
     408    ,    409  ,   439	,		-1,
     408    ,    439  ,   438	,		-1,
     409    ,    401  ,   439	,		-1,
     394    ,    433  ,   440	,		-1,
     394    ,    440  ,   395	,		-1,
     395    ,    440  ,   441	,		-1,
     395    ,    441  ,   396	,		-1,
     396    ,    441  ,   442	,		-1,
     396    ,    442  ,   397	,		-1,
     397    ,    442  ,   443	,		-1,
     397    ,    443  ,   398	,		-1,
     398    ,    443  ,   444	,		-1,
     398    ,    444  ,   399	,		-1,
     399    ,    444  ,   439	,		-1,
     399    ,    439  ,   400	,		-1,
     439    ,    401  ,   400	,		-1,
     433    ,    434  ,   458	,		-1,
     433    ,    458  ,   457	,		-1,
     434    ,    435  ,   459	,		-1,
     434    ,    459  ,   458	,		-1,
     435    ,    436  ,   460	,		-1,
     435    ,    460  ,   459	,		-1,
     436    ,    437  ,   461	,		-1,
     436    ,    461  ,   460	,		-1,
     437    ,    438  ,   462	,		-1,
     437    ,    462  ,   461	,		-1,
     438    ,    439  ,   450	,		-1,
     438    ,    450  ,   462	,		-1,
     457    ,    458  ,   463	,		-1,
     458    ,    459  ,   464	,		-1,
     458    ,    464  ,   463	,		-1,
     459    ,    460  ,   465	,		-1,
     459    ,    465  ,   464	,		-1,
     460    ,    461  ,   466	,		-1,
     460    ,    466  ,   465	,		-1,
     461    ,    462  ,   467	,		-1,
     461    ,    467  ,   466	,		-1,
     462    ,    450  ,   467	,		-1,
     457    ,    463  ,   468	,		-1,
     463    ,    464  ,   469	,		-1,
     463    ,    469  ,   468	,		-1,
     464    ,    465  ,   470	,		-1,
     464    ,    470  ,   469	,		-1,
     465    ,    466  ,   471	,		-1,
     465    ,    471  ,   470	,		-1,
     466    ,    467  ,   472	,		-1,
     466    ,    472  ,   471	,		-1,
     467    ,    450  ,   472	,		-1,
     457    ,    468  ,   473	,		-1,
     457    ,    473  ,   483	,		-1,
     468    ,    469  ,   474	,		-1,
     468    ,    474  ,   473	,		-1,
     469    ,    470  ,   475	,		-1,
     469    ,    475  ,   474	,		-1,
     470    ,    471  ,   476	,		-1,
     470    ,    476  ,   475	,		-1,
     471    ,    472  ,   477	,		-1,
     471    ,    477  ,   476	 ,  		-1,
     472    ,    450  ,   456	 ,  		-1,
     472    ,    456  ,   477	 ,  		-1,
     457    ,    483  ,   451	 ,  		-1,
     457    ,    451  ,   445	 ,  		-1,
     451    ,    452  ,   446	 ,  		-1,
     451    ,    446  ,   445	 ,  		-1,
     451    ,    457  ,   473    , 		-1,
     452    ,    453  ,   447	 ,  		-1,
     452    ,    447  ,   446	 ,  		-1,
     453    ,    448  ,   447	 ,  		-1,
     149    ,    416  ,   415	 ,  		-1,
     149    ,    415  ,   155	 ,		-1,  
     416    ,    411  ,   410	 ,  		-1,
     416    ,    410  ,   415	 ,  		-1,
     416    ,    417  ,   411	 ,  		-1,
     417    ,    418  ,   411	 ,  		-1,
     155    ,    415  ,   392	 ,  		-1,
     155    ,    392  ,   124	 ,  		-1,
     415    ,    410  ,   393	 ,  		-1,
     415    ,    393  ,   392	 ,  		-1,
     410    ,    404  ,   394	 ,  		-1,
     410    ,    394  ,   393	 ,  		-1,
     455    ,    456  ,   450	 ,  		-1,
     455    ,    450  ,   449	 ,  		-1,
     433    ,    457  ,   445	 ,  		-1,
     433    ,    445  ,   440	 ,  		-1,
     445    ,    446   ,  441	 ,  		-1,
     445    ,    441   ,  440	 ,  		-1,
     446    ,    447   ,  442	 ,  		-1,
     446    ,    442   ,  441	 ,  		-1,
     447    ,    448   ,  443	 ,  		-1,
     447    ,    443   ,  442	 ,  		-1,
     448    ,    449   ,  444	 ,  		-1,
     448    ,    444   ,  443	 ,  		-1,
     449    ,    450   ,  439	 ,  		-1,
     449    ,    439   ,  444	 ,  		-1,
     411    ,    418   ,  412	   ,		-1,
     412    ,    418   ,  413	   ,		-1,
     418    ,    419   ,  414	   ,		-1,
     418    ,    414  ,   413	   ,		-1,
     419    ,    420   ,  414	   ,		-1,
      108   ,     125,     124	   ,		-1,
      107   ,     108,     124	   ,		-1,
      109   ,     126,     125	   ,		-1,
      108   ,     109,     125	   ,		-1,
      109   ,     127,     126	   ,		-1,
      110   ,     128,     127	   ,		-1,
      109   ,     110,     127	   ,		-1,   
     97     ,    108 ,    107	   ,		-1,
     96     ,    97  ,    107	   ,		-1,
     98     ,    109  ,   108	   ,		-1,
     97     ,    98   ,   108	   ,		-1,
     99     ,    110  ,   109	   ,		-1,
     98     ,    99   ,   109	   	,	-1,	   ,
     99     ,    100  ,   110	   ,		-1,
     90     ,    97   ,   96		   ,	-1,
     89     ,    90   ,   96		   ,	-1,
     91     ,    98   ,   97		   ,	-1,
     90     ,    91   ,   97		   ,	-1,
     92     ,    99   ,   98		   ,	-1,
     91     ,    92   ,   98		   ,	-1,
     93     ,    100  ,   99		   ,	-1,
     92     ,    93   ,   99		   ,	-1,
     80     ,    90   ,   89		   ,	-1,
     79     ,    80   ,   89		   ,	-1,
     81     ,    91   ,   90		   ,	-1,
     80     ,    81   ,   90		   ,	-1,
     82     ,    92   ,   91		   ,	-1,
     81     ,    82    ,  91		   ,	-1,
     83     ,    93   ,   92		   ,	-1,
     82     ,    83   ,   92		   ,	-1,
     73     ,    80   ,   79		   ,	-1,
     88     ,    73   ,   79		   ,	-1,
     74     ,    81   ,   80		   ,	-1,
     73     ,    74   ,   80		   ,	-1,
     75     ,    82   ,   81		   ,	-1,
     74     ,    75   ,   81		   ,	-1,
     76     ,    83   ,   82		   ,	-1,
     75     ,    76   ,   82		   ,	-1,
     77     ,    84   ,   83		   ,	-1,
     76     ,    77   ,   83		   ,	-1,
     78     ,    85   ,   84		   ,	-1,
     77     ,    78   ,   84		   ,	-1,
     87     ,    86   ,   85		   ,	-1,
     78     ,    87   ,   85		   ,	-1,
     73     ,    88   ,   87		   ,	-1,
     78     ,    73   ,   87		   ,	-1,
     124    ,    392  ,   376	   ,		-1,
     124   ,  376 ,    107	   ,		-1,
     392   ,  393 ,    377	   ,		-1,
     392   ,  377 ,    376	   ,		-1,
     393   ,  394 ,    377	   ,		-1,
     394   ,  395 ,    378	   ,		-1,
     394   ,  378 ,    377	   ,		-1,
     107   ,  376 ,    366	   ,		-1,
     107   ,  366 ,    96	,		-1,
     376   ,  377 ,    367	   ,		-1,
     376   ,  367 ,    366	   ,		-1,
     377   ,  378 ,    368	   ,		-1,
     377   ,  368 ,    367	   ,		-1,
     378   ,  369 ,    368	   ,		-1,
     96    ,  366 ,    360	   ,		-1,
     96    ,  360 ,    89		   ,	-1,
    366    , 367  ,   361		   ,	-1,
    366    , 361  ,   360		   ,	-1,
    367   ,  368  ,   362		   ,	-1,
    367   ,  362  ,   361		   ,	-1,
    368   ,  369  ,   363		   ,	-1,
    368   ,  363  ,   362		   ,	-1,
    89    ,  360  ,   354		   ,	-1,
    89    ,  354  ,   79		   ,	-1,
    360   ,  361  ,   355		   ,	-1,
    360   ,  355  ,   354		   ,	-1,
    361   ,  362  ,   356		   ,	-1,
    361   ,  356  ,   355		   ,	-1,
    362    , 363  ,   357		   ,	-1,
    362    , 357  ,   356		   ,	-1,
    79    ,  354  ,   348		   ,	-1,
    79    ,  348  ,   88		   ,	-1,
    354   ,  355  ,   349		   ,	-1,
    354   ,  349  ,   348		   ,	-1,
    355   ,  356  ,   350		   ,	-1,
    355   ,  350  ,   349		   ,	-1,
    356   ,  357  ,   351		   ,	-1,
    356   ,  351  ,   350		   ,	-1,
    357   ,  358  ,   352		   ,	-1,
    357   ,  352  ,   351		   ,	-1,
    358   ,  359  ,   353		   ,	-1,
    358   ,  353  ,   352		   ,	-1,
    359   ,  86   ,   87		   ,	-1,
    359   ,  87   ,   353		   ,	-1,
    87    ,  88   ,   348		   ,	-1,
    87    ,  348  ,   353		   ,	-1,
       453 ,    454 ,    448	   ,		-1,
       454 ,    455 ,    449	   ,		-1,
       454 ,    449 ,    448	   ,		-1,
	122,937,936,-1,
	122,938,937,-1,
	122,939,938,-1,
	122,116,939,-1,
	116,940,939,-1,
	116,941,940,-1,
	116,942,941,-1,
	116,105,942,-1,
	105,943,942,-1,
	105,944,943,-1,
	122,945,844,-1,
	945,946,844,-1,
	946,947,844,-1,
	947,948,844,-1,
	948,845,844,-1,
	948,949,845,-1,
	949,950,845,-1,
	950,951,845,-1,
	951,846,845,-1,
	951,952,846,-1,
	952,953,846,-1,
	953,106,846,-1,
	953,105,106,-1,
	122,936,945,-1,
	936,937,945,-1,
	946,945,937,-1,
	937,947,946,-1,
	937,938,947,-1,
	938,939,947,-1,
	939,948,947,-1,
	939,940,949,-1,
	939,949,948,-1,
	940,941,949,-1,
	941,950,949,-1,
	941,942,951,-1,
	951,950,941,-1,
	942,943,951,-1,
	943,952,951,-1,
	943,944,953,-1,
	943,953,952,-1,
	944,105,953,-1,
	954,955,390,-1,
	955,956,390,-1,
	956,957,390,-1,
	957,384,390,-1,
	957,958,384,-1,
	958,959,384,-1,
	959,960,384,-1,
	960,374,384,-1,
	960,961,374,-1,
	961,962,374,-1,
	917,963,390,-1,
	917,964,963,-1,
	917,965,964,-1,
	917,966,965,-1,
	917,918,966,-1,
	918,967,966,-1,
	918,968,967,-1,
	918,969,968,-1,
	918,919,969,-1,
	919,970,969,-1,
	919,971,970,-1,
	919,375,971,-1,
	375,374,971,-1,
	374,962,971,-1,
	962,961,971,-1,
	970,971,961,-1,
	961,960,969,-1,
	961,969,970,-1,
	960,959,969,-1,
	959,968,969,-1,
	959,958,967,-1,
	959,967,968,-1,
	958,957,967,-1,
	957,966,967,-1,
	957,956,965,-1,
	957,965,966,-1,
	956,955,965,-1,
	955,964,965,-1,
	955,954,963,-1,
	955,963,964,-1,
	954,390,963,-1,
	855,847,29,-1,
	847,106,29,-1,
	847,846,106,-1,
	846,117,106,-1,
	846,845,117,-1,
	845,123,117,-1,
	845,844,123,-1,
	844,136,123,-1,
	315,920,860,-1,
	315,375,920,-1,
	375,919,920,-1,
	375,385,919,-1,
	385,918,919,-1,
	385,391,918,-1,
	391,917,918,-1,
	391,403,917,-1,
	4,827,835,-1, 
	21,4,835,-1,
	835,827,836,-1,
	836,827,828,-1,
	828,829,837,-1,
	837,836,828,-1,
	829,830,841,-1,
	841,837,829,-1,
	830,826,841,-1,
	838,831,295,-1,
 	838,295,308,-1,
	831,838,839,-1,
	832,831,839,-1,
	840,833,832,-1,
	832,839,840,-1,	
	833,840,842,-1,	
	842,830,833,-1,
	842,826,830,-1, 	
	29,21,835,-1,
	29,835,855,-1,
	835,854,855,-1,
	854,835,836,-1,
	836,837,854,-1,
	837,853,854,-1,
	853,837,852,-1,
	852,837,841,-1,
	841,851,852,-1,
	851,841,826,-1,
	851,826,825,-1,
	826,856,825,-1,
	856,826,842,-1,
	842,857,856,-1,
	857,842,840,-1,
	840,858,857,-1,
	840,839,858,-1,
	858,839,838,-1,
	858,838,859,-1,	
	838,860,859,-1,
	860,838,315,-1,
	315,838,308,-1,
#
#
#
# tongue
1 124 
	1023,1006,1007,-1,
	1024,1023,1007,-1,
	1024,1007,1008,-1,
	1024,1008,1009,-1,
	1024,1009,1025,-1,
	1025,1009,1026,-1,
	1009,1010,1026,-1,
	1026,1010,1011,-1,
	1026,1011,1027,-1,
	1027,1011,1028,-1,
	1011,1012,1028,-1,
	1028,1012,1013,-1,
	1028,1013,1029,-1,
	1029,1013,1030,-1,
	1030,1013,1014,-1,
	1015,1006,1023,-1,
	1015,1023,1024,-1,
	1015,1024,1016,-1,
	1016,1024,1017,-1,
	1024,1025,1017,-1,
	1025,1026,1017,-1,
	1026,1018,1017,-1,
	1026,1019,1018,-1,
	1026,1027,1019,-1,
	1019,1027,1028,-1,
	1028,1020,1019,-1,
	1020,1028,1021,-1,	
	1021,1028,1029,-1,
	1021,1029,1030,-1,
	1021,1030,1022,-1,	
	989,1031,990,-1,	
	1031,1032,990,-1,
	1032,991,990,-1,
	1032,1033,992,-1,
	992,991,1032,-1,
	1033,1034,992,-1,
	992,1034,993,-1,
	1034,1035,994,-1,
	994,993,1034,-1,
	1035,1036,994,-1,
	1036,995,994,-1,
	1036,1037,996,-1,
	995,1036,996,-1,
	1037,1038,996,-1,
	1038,997,996,-1,
	989,998,1031,-1,
	1031,998,1032,-1,
	998,999,1032,-1,
	999,1000,1032,-1,
	1000,1033,1032,-1,
	1000,1034,1033,-1,
	1000,1001,1034,-1,
	1001,1002,1034,-1,
	1002,1035,1034,-1,
	1002,1036,1035,-1,
	1002,1003,1036,-1,
	1003,1004,1036,-1,
	1004,1037,1036,-1,
	1004,1038,1037,-1,
	1004,1005,1038,-1,
	1006,972,973,-1,
	1006,973,1007,-1,
	1007,973,1008,-1,
	973,974,1008,-1,
	1008,974,975,-1,
	1008,975,1009,-1,
	1009,975,1010,-1,
	975,976,1010,-1,
	1010,976,977,-1,
	1010,977,1011,-1,
	1011,977,1012,-1,
	1012,977,978,-1,
	1012,978,979,-1,
	1012,979,1013,-1,
	1013,979,1014,-1,
	979,980,1014,-1,
	972,989,973,-1,
	973,989,990,-1,
	973,990,991,-1,
	973,991,974,-1,
	974,991,975,-1,
	975,991,992,-1,
	975,992,993,-1,
	975,993,976,-1,
	976,993,977,-1,
	977,993,994,-1,
	977,994,995,-1,
	977,995,978,-1,
	978,995,979,-1,
	995,996,979,-1,
	979,996,997,-1,
	979,997,980,-1,
	1006,1015,981,-1,
	981,972,1006,-1,
	1015,1016,981,-1,
	1016,982,981,-1,
	1016,1017,983,-1,
	983,982,1016,-1,
	1017,1018,983,-1,
	1018,984,983,-1,
	1018,1019,985,-1,
	1018,985,984,-1,
	1019,1020,985,-1,
	1020,986,985,-1,
	1020,1021,987,-1,
	1020,987,986,-1,
	1021,1022,987,-1,
	1022,988,987,-1,
	981,989,972,-1,
	981,998,989,-1,
	981,982,999,-1,
	999,998,981,-1,
	982,983,999,-1,
	983,1000,999,-1,
	983,984,1001,-1,
	1001,1000,983,-1,
	984,985,1001,-1,
	985,1002,1001,-1,
	985,986,1003,-1,
	1003,1002,985,-1,
	986,987,1003,-1,
	987,1004,1003,-1,
	987,988,1005,-1,
	1005,1004,987,-1,
#
#
#				   		
#fringe			   		
4 64 
       602  ,   586 ,    585	   ,		-1,
       601  ,   602 ,    585	   ,		-1,
       603  ,   587 ,    586	   ,		-1,
       602  ,   603 ,    586	   ,		-1,
       604  ,   588 ,    587	   ,		-1,
       603  ,   604 ,    587	   ,		-1,
       605  ,   589 ,    588	   ,		-1,
       604  ,   605 ,    588	   ,		-1,
       606  ,   590 ,    589	   ,		-1,
       605  ,   606 ,    589	   ,		-1,
       607  ,   591 ,    590	   ,		-1,
       606  ,   607 ,    590	   ,		-1,
       608  ,   592 ,    591	   ,		-1,
       607  ,   608 ,    591	   ,		-1,
       609  ,   593 ,    592	   ,		-1,
       608  ,   609 ,    592	   ,		-1,
       610  ,   594 ,    593	   ,		-1,
       609  ,   610 ,    593	   ,		-1,
       611  ,   595 ,    594	   ,		-1,
       610  ,   611 ,    594	   ,		-1,
       612  ,   596 ,    595	   ,		-1,
       611  ,   612 ,    595	   ,		-1,
       613  ,   597 ,    596	   ,		-1,
       612  ,   613 ,    596	   ,		-1,
       614  ,   598 ,    597	   ,		-1,
       613  ,   614 ,    597	   ,		-1,
       615  ,   599 ,    598	   ,		-1,
       614  ,   615 ,    598	   ,		-1,
       616  ,   600 ,    599	   ,		-1,
       615  ,   616 ,    599	   ,		-1,
       601  ,   585 ,    600	   ,		-1,
       616  ,   601 ,    600	   ,		-1,
      713   ,  714  ,   730	   ,		-1,
      713   ,  730  ,   729	   ,		-1,
      714   ,  715  ,   731	   ,		-1,
      714   ,  731  ,   730	   ,		-1,
      715   ,  716  ,   732	   ,		-1,
      715   ,  732  ,   731	   ,		-1,
      716   ,  717  ,   733	   ,		-1,
      716   ,  733  ,   732	   ,		-1,
      717   ,  718  ,   734	   ,		-1,
      717   ,  734  ,   733	   ,		-1,
      718   ,  719  ,   735	   ,		-1,
      718   ,  735  ,   734	   ,		-1,
      719   ,  720  ,   736	   ,		-1,
      719   ,  736  ,   735	   ,		-1,
      720   ,  721  ,   737	   ,		-1,
      720   ,  737  ,   736	   ,		-1,
      721   ,  722  ,   738	   ,		-1,
      721   ,  738  ,   737	   ,		-1,
      722   ,  723  ,   739	   ,		-1,
      722   ,  739  ,   738	   ,		-1,
      723   ,  724  ,   740	   ,		-1,
      723   ,  740  ,   739	   ,		-1,
      724   ,  725  ,   741	   ,		-1,
      724   ,  741  ,   740	   ,		-1,
      725   ,  726  ,   742	   ,		-1,
      725   ,  742  ,   741	   ,		-1,
      726   ,  727  ,   743	   ,		-1,
      726   ,  743  ,   742	   ,		-1,
      727   ,  728  ,   744	   ,		-1,
      727   ,  744   ,  743	   ,		-1,
      728   ,  713  ,   729	   ,		-1,
      728    , 729  ,   744,			-1,  	  	    		
# 
#
#
#
# right pupil				
5 16
       681 ,    698  ,   697	 ,  		-1, 
      682 ,    699  ,   698	 ,  		-1, 
      683 ,    700  ,   699	 ,  		-1, 
      684 ,    701  ,   700	 ,  		-1,
       685 ,    702  ,   701	 ,  		-1, 
      686 ,    703  ,   702	 ,  		-1, 
      687 ,    704  ,   703	 ,  		-1, 
      688 ,    705  ,   704	 ,  		-1, 
      689 ,    706  ,   705	 ,  		-1, 
      690 ,    707  ,   706	 ,  		-1, 
      691 ,    708  ,   707	 ,  		-1, 
      692 ,    709  ,   708	 ,  		-1, 
      693 ,    710  ,   709	 ,  		-1, 
      694 ,    711  ,   710	 ,  		-1, 
      695 ,    712  ,   711	 ,  		-1,
       696 ,    697  ,   712	 ,  		-1,
#
#
#
# left pupil
5 16 
      569 ,    570  ,   553	 ,  		-1, 
      570 ,    571  ,   554	 ,  		-1, 
      571 ,    572  ,   555	   ,		-1, 
      572 ,    573  ,   556	   ,		-1, 
      573 ,    574  ,   557	   ,		-1, 
      574 ,    575  ,   558	   ,		-1, 
      575 ,    576  ,   559	   ,		-1, 
      576 ,    577  ,   560	   ,		-1, 
      577 ,    578  ,   561	   ,		-1, 
      578 ,    579  ,   562	   ,		-1, 
      579 ,    580  ,   563	   ,		-1, 
      580 ,    581  ,   564	   ,		-1, 
      581 ,    582  ,   565	   ,		-1, 
      582 ,    583  ,   566	   ,		-1, 
      583 ,    584  ,   567	   ,		-1,
      584  ,   569  ,   568	   ,		-1,
#
#
# 
# iris
6 64				   		
    697   ,  698    , 714		   ,		-1,
    697   ,  714    , 713		   ,		-1,
    698   ,  699    , 715		   ,		-1,
    698   ,  715    , 714		   ,		-1,
    699   ,  700    , 716		   ,		-1,
    699   ,  716    , 715		   ,		-1,
    700   ,  701    , 717		   ,		-1,
    700   ,  717    , 716		   ,		-1,
    701   ,  702    , 718		   ,		-1,
    701   ,  718    , 717		   ,		-1,
    702   ,  703    , 719		   ,		-1,
    702   ,  719    , 718		   ,		-1,
    703   ,  704    , 720		   ,		-1,
    703   ,  720    , 719		   ,		-1,
    704   ,  705    , 721		   ,		-1,
    704   ,  721    , 720		   ,		-1,
    705   ,  706    , 722		   ,		-1,
    705   ,  722    , 721		   ,		-1,
    706   ,  707    , 723		   ,		-1,
    706   ,  723    , 722		   ,		-1,
    707   ,  708    , 724		   ,		-1,
    707   ,  724    , 723		   ,		-1,
    708   ,  709    , 725		   ,		-1,
    708   ,  725    , 724		   ,		-1,
    709   ,  710    , 726		   ,		-1,
    709   ,  726    , 725		   ,		-1,
    710   ,  711    , 727		   ,		-1,
    710   ,  727    , 726		   ,		-1,
    711   ,  712    , 728		   ,		-1,
    711   ,  728    , 727		   ,		-1,
    712   ,  697    , 713		   ,		-1,
    712   ,  713    , 728		   ,		-1,
      586 ,    570  ,   569	   ,			-1,
      585 ,    586  ,   569	   ,			-1,
      587 ,    571  ,   570	   ,			-1,
      586 ,    587  ,   570	   ,			-1,
      588 ,    572  ,   571	   ,			-1,
      587 ,    588  ,   571	   ,			-1,
      589 ,    573  ,   572	   ,			-1,
      588 ,    589  ,   572	   ,			-1,
      590 ,    574  ,   573	   ,			-1,
      589 ,    590  ,   573	   ,			-1,
      591 ,    575  ,   574	   ,			-1,
      590 ,    591  ,   574	   ,			-1,
      592 ,    576  ,   575	   ,			-1,
      591 ,    592  ,   575	   ,			-1,
      593 ,    577  ,   576	   ,			-1,
      592 ,    593  ,   576	   ,			-1,
      594 ,    578  ,   577	   ,			-1,
      593 ,    594  ,   577	   ,			-1,
      595 ,    579  ,   578	   ,			-1,
      594 ,    595  ,   578	   ,			-1,
      596 ,    580  ,   579	   ,			-1,
      595 ,    596  ,   579	   ,			-1,
      597 ,    581  ,   580	   ,			-1,
      596 ,    597  ,   580	   ,			-1,
      598 ,    582  ,   581	   ,			-1,
      597 ,    598  ,   581	   ,			-1,
      599 ,    583  ,   582	   ,			-1,
      598 ,    599  ,   582	   ,			-1,
      600 ,    584 ,    583	   ,			-1,
      599 ,    600 ,    583	   ,			-1,
      585  ,   569 ,    584	   ,			-1,
      600  ,   585 ,    584	   ,			-1,
#
#
# 
# eye-white
7 256			   		
      729  ,      730 ,       746	   ,		-1,
      729  ,      746 ,       745	   ,		-1,
      730  ,      731 ,       747	   ,		-1,
      730  ,      747 ,       746	   ,		-1,
      731  ,      732 ,       748	   ,		-1,
      731  ,      748 ,       747	   ,		-1,
      732  ,      733 ,       749	   ,		-1,
      732  ,      749 ,       748	   ,		-1,
      733  ,      734 ,       750	   ,		-1,
      733  ,      750 ,       749	   ,		-1,
      734  ,      735 ,       751	   ,		-1,
      734  ,      751 ,       750	   ,		-1,
      735  ,      736 ,       752	   ,		-1,
      735  ,      752 ,       751	   ,		-1,
      736  ,      737 ,       753	   ,		-1,
      736  ,      753 ,       752	   ,		-1,
      737  ,      738 ,       754	   ,		-1,
      737  ,      754 ,       753	   ,		-1,
      738  ,      739 ,       755	   ,		-1,
      738  ,      755 ,       754	   ,		-1,
      739  ,      740 ,       756	   ,		-1,
      739  ,      756 ,       755	   ,		-1,
      740  ,      741 ,       757	   ,		-1,
      740  ,      757 ,       756	   ,		-1,
      741  ,      742 ,       758	   ,		-1,
      741  ,      758 ,       757	   ,		-1,
      742  ,      743 ,       759	   ,		-1,
      742  ,      759 ,       758	   ,		-1,
      743  ,      744 ,       760	   ,		-1,
      743  ,      760 ,       759	   ,		-1,
      744  ,      729 ,       745	   ,		-1,
      744  ,      745 ,       760	   ,		-1,
      745  ,      746 ,       762	   ,		-1,
      745  ,      762 ,       761	   ,		-1,
      746  ,      747 ,       763	   ,		-1,
      746  ,      763 ,       762	   ,		-1,
      747  ,      748 ,       764	   ,		-1,
      747    ,    764   ,     763	   ,		-1,
      748    ,    749   ,     765	   ,		-1,
      748    ,    765   ,     764	   ,		-1,
      749    ,    750   ,     766	   ,		-1,
      749    ,    766   ,     765	   ,		-1,
      750    ,    751   ,     767	   ,		-1,
      750    ,    767   ,     766	   ,		-1,
      751    ,    752   ,     768	   ,		-1,
      751    ,    768   ,     767	   ,		-1,
      752    ,    753   ,     769	   ,		-1,
      752    ,    769   ,     768	   ,		-1,
      753    ,    754   ,     770	   ,		-1,
      753    ,    770   ,     769	   ,		-1,
      754    ,    755   ,     771	   ,		-1,
      754    ,    771   ,     770	   ,		-1,
      755    ,    756   ,     772	   ,		-1,
      755    ,    772   ,     771	   ,		-1,
      756    ,    757   ,     773	   ,		-1,
      756    ,    773   ,     772	   ,		-1,
      757    ,    758   ,     774	   ,		-1,
      757    ,    774   ,     773	   ,		-1,
      758    ,    759   ,     775	   ,		-1,
      758    ,    775   ,     774	   ,		-1,
      759    ,    760   ,     776	   ,		-1,
      759    ,    776   ,     775	   ,		-1,
      760    ,    745   ,     761	   ,		-1,
      760    ,    761   ,     776	   ,		-1,
      761    ,    762   ,     778	   ,		-1,
      761    ,    778   ,     777	   ,		-1,
      762    ,    763   ,     779	   ,		-1,
      762    ,    779   ,     778	   ,		-1,
      763    ,    764   ,     780	   ,		-1,
      763    ,    780   ,     779	   ,		-1,
      764    ,    765   ,     781	   ,		-1,
      764    ,    781   ,     780	   ,		-1,
      765    ,    766   ,     782	   ,		-1,
      765    ,    782   ,     781	   ,		-1,
      766    ,    767   ,     783	   ,		-1,
      766    ,    783   ,     782	   ,		-1,
      767    ,    768   ,     784	   ,		-1,
      767    ,    784   ,     783	   ,		-1,
      768    ,    769   ,     785	   ,		-1,
      768    ,    785   ,     784	   ,		-1,
      769    ,    770   ,     786	   ,		-1,
      769    ,    786   ,     785	   ,		-1,
      770    ,    771   ,     787	   ,		-1,
      770    ,    787   ,     786	   ,		-1,
      771    ,    772   ,     788	   ,		-1,
      771    ,    788   ,     787	   ,		-1,
      772    ,    773   ,     789	   ,		-1,
      772    ,    789   ,     788	   ,		-1,
      773    ,    774   ,     790	   ,		-1,
      773    ,    790   ,     789	   ,		-1,
      774    ,    775   ,     791	   ,		-1,
      774    ,    791   ,     790	   ,		-1,
      775    ,    776   ,     792	   ,		-1,
      775    ,    792   ,     791	   ,		-1,
      776    ,    761   ,     777	   ,		-1,
      776    ,    777   ,     792	   ,		-1,
      777    ,    778   ,     794	   ,		-1,
      777    ,    794   ,     793	   ,		-1,
      778    ,    779   ,     795	   ,		-1,
      778    ,    795   ,     794	   ,		-1,
      779    ,    780   ,     796	   ,		-1,
      779    ,    796   ,     795	   ,		-1,
      780    ,    781   ,     797	   ,		-1,
      780    ,    797   ,     796	   ,		-1,
      781    ,    782   ,     798	   ,		-1,
      781    ,    798   ,     797	   ,		-1,
      782    ,    783   ,     799	   ,		-1,
      782    ,    799   ,     798	   ,		-1,
      783    ,    784   ,     800	   ,		-1,
      783    ,    800   ,     799	   ,		-1,
      784    ,    785   ,     801	   ,		-1,
      784    ,    801   ,     800	   ,		-1,
      785    ,    786   ,     802	   ,		-1,
      785    ,    802   ,     801	   ,		-1,
      786    ,    787   ,     803	   ,		-1,
      786    ,    803   ,     802	   ,		-1,
      787    ,    788   ,     804	   ,		-1,
      787    ,    804   ,     803	   ,		-1,
      788    ,    789   ,     805	   ,		-1,
      788    ,    805   ,     804	   ,		-1,
      789    ,    790   ,     806	   ,		-1,
      789    ,    806   ,     805	   ,		-1,
      790    ,    791   ,     807	   ,		-1,
      790    ,    807   ,     806	   ,		-1,
      791    ,    792   ,     808	   ,		-1,
      791    ,    808   ,     807	   ,		-1,
      792    ,    777   ,     793	   ,		-1,
      792    ,    793   ,     808	   ,		-1,
     618     ,   602    ,    601	   ,		-1,
     617     ,   618    ,    601	   ,		-1,
     619     ,   603    ,    602	   ,		-1,
     618     ,   619    ,    602	   ,		-1,
     620     ,   604    ,    603	   ,		-1,
     619     ,   620    ,    603	   ,		-1,
     621     ,   605    ,    604	   ,		-1,
     620     ,   621    ,    604	   ,		-1,
     622     ,   606    ,    605	   ,		-1,
     621     ,   622    ,    605	   ,		-1,
     623     ,   607    ,    606	   ,		-1,
     622     ,   623    ,    606	   ,		-1,
     624     ,   608    ,    607	   ,		-1,
     623     ,   624    ,    607	   ,		-1,
     625     ,   609    ,    608	   ,		-1,
     624     ,   625    ,    608	   ,		-1,
     626     ,   610    ,    609	   ,		-1,
     625     ,   626    ,    609	   ,		-1,
     627     ,   611    ,    610	   ,		-1,
     626     ,   627    ,    610	   ,		-1,
     628     ,   612    ,    611	   ,		-1,
     627     ,   628    ,    611	   ,		-1,
     629     ,   613    ,    612	   ,		-1,
     628     ,   629    ,    612	   ,		-1,
     630     ,   614    ,    613	   ,		-1,
     629     ,   630    ,    613	   ,		-1,
     631     ,   615    ,    614	   ,		-1,
     630     ,   631    ,    614	   ,		-1,
     632     ,   616    ,    615	   ,		-1,
     631     ,   632    ,    615	   ,		-1,
     617     ,   601    ,    616	   ,		-1,
     632     ,   617    ,    616	   ,		-1,
     634     ,   618    ,    617	 ,  		-1,
     633     ,   634    ,    617	 ,  		-1,
     635     ,   619    ,    618	 ,  		-1,
     634     ,   635    ,    618	 ,  		-1,
     636     ,   620    ,    619	 ,  		-1,
     635     ,   636    ,    619	 ,  		-1,
     637     ,   621    ,    620	 ,  		-1,
     636     ,   637    ,    620	 ,  		-1,
     638     ,   622    ,    621	 ,  		-1,
     637     ,   638    ,    621	 ,  		-1,
     639     ,   623    ,    622	 ,  		-1,
     638     ,   639    ,    622	 ,  		-1,
     640     ,   624    ,    623	 ,  		-1,
     639     ,   640    ,    623	 ,  		-1,
     641     ,   625    ,    624	 ,  		-1,
     640     ,   641    ,    624	 ,  		-1,
     642     ,   626    ,    625	 ,  		-1,
     641     ,   642    ,    625	 ,  		-1,
     643     ,   627    ,    626	 ,  		-1,
     642     ,   643    ,    626	 ,  		-1,
     644     ,   628    ,    627	 ,  		-1,
     643     ,   644    ,    627	 ,  		-1,
     645     ,   629    ,    628	 ,  		-1,
     644     ,   645    ,    628	 ,  		-1,
     646     ,   630    ,    629	 ,  		-1,
     645     ,   646    ,    629	 ,  		-1,
     647     ,   631    ,    630	 ,  		-1,
     646     ,   647    ,    630	 ,  		-1,
     648     ,   632    ,    631	 ,  		-1,
     647     ,   648    ,    631	 ,  		-1,
     633     ,   617    ,    632	 ,  		-1,
     648     ,   633    ,    632	 ,  		-1,
     650     ,   634    ,    633	 ,  		-1,
     649     ,   650    ,    633	 ,  		-1,
     651     ,   635    ,    634	 ,  		-1,
     650     ,   651    ,    634	 ,  		-1,
     652     ,   636    ,    635	 ,  		-1,
     651     ,   652    ,    635	   ,		-1,
     653     ,   637    ,    636	   ,		-1,
     652     ,   653    ,    636	   ,		-1,
     654     ,   638    ,    637	   ,		-1,
     653     ,   654    ,    637	   ,		-1,
     655     ,   639    ,    638	   ,		-1,
     654     ,   655    ,    638	   ,		-1,
     656     ,   640    ,    639	   ,		-1,
     655     ,   656    ,    639	   ,		-1,
     657     ,   641    ,    640	   ,		-1,
     656     ,   657    ,    640	   ,		-1,
     658     ,   642    ,    641	   ,		-1,
     657     ,   658    ,    641	   ,		-1,
     659     ,   643    ,    642	   ,		-1,
     658     ,   659    ,    642	   ,		-1,
     660     ,   644    ,    643	   ,		-1,
     659     ,   660    ,    643	   ,		-1,
     661     ,   645    ,    644	   ,		-1,
     660     ,   661    ,    644	   ,		-1,
     662     ,   646    ,    645	   ,		-1,
     661     ,   662    ,    645	   ,		-1,
     663     ,   647    ,    646	   ,		-1,
     662     ,   663    ,    646	   ,		-1,
     664     ,   648    ,    647	   ,		-1,
     663     ,   664    ,    647	   ,		-1,
     649     ,   633    ,    648	   ,		-1,
     664     ,   649    ,    648	   ,		-1,
     666     ,   650    ,    649	   ,		-1,
     665     ,   666    ,    649	   ,		-1,
     667     ,   651    ,    650	   ,		-1,
     666     ,   667    ,    650	   ,		-1,
     668     ,   652    ,    651	   ,		-1,
     667     ,   668    ,    651	   ,		-1,
     669     ,   653    ,    652	   ,		-1,
     668     ,   669    ,    652	   ,		-1,
     670     ,   654    ,    653	   ,		-1,
     669     ,   670    ,    653	   ,		-1,
     671     ,   655    ,    654	   ,		-1,
     670     ,   671    ,    654	   ,		-1,
     672     ,   656    ,    655	   ,		-1,
     671     ,   672    ,    655	   ,		-1,
     673     ,   657    ,    656	   ,		-1,
     672     ,   673    ,    656	   ,		-1,
     674     ,   658    ,    657	   ,		-1,
     673     ,   674    ,    657	   ,		-1,
     675     ,   659    ,    658	   ,		-1,
     674     ,   675    ,    658	   ,		-1,
     676     ,   660    ,    659	   ,		-1,
     675     ,   676    ,    659	   ,		-1,
     677     ,   661    ,    660	   ,		-1,
     676     ,   677    ,    660	   ,		-1,
     678     ,   662    ,    661	   ,		-1,
     677     ,   678    ,    661	   ,		-1,
     679     ,   663    ,    662	   ,		-1,
     678     ,   679    ,    662	   ,		-1,
     680     ,   664    ,    663	   ,		-1,
     679     ,   680    ,    663	   ,		-1,
     665     ,   649    ,    664	   ,		-1,
     680     ,   665    ,    664	  		
#
#
# 
# teeth
8 64
         224 ,    223 ,    222,-1,
         225 ,    224 ,    222,-1,
         228 ,    227 ,    226,-1,
         229 ,    228 ,    226,-1,
         232 ,    231 ,    230,-1,
         233 ,    232 ,    230,-1,
         236 ,    235 ,    234,-1,
         237 ,    236 ,    234,-1,
         240 ,    239 ,    238,-1,
         241 ,    240 ,    238,-1,
         244 ,    243 ,    242,-1,
         245 ,    244 ,    242,-1,
         248 ,    247 ,    246,-1,
         249 ,    248 ,    246,-1,
         252 ,    251 ,    250,-1,
         253 ,    252 ,    250,-1,
          256 ,    255 ,    254,-1,
         257 ,    256 ,    254,-1,
         260 ,    259 ,    258,-1,
         261 ,    260 ,    258,-1,
         264 ,    263 ,    262,-1,
         265 ,    264 ,    262,-1,
         268 ,    267 ,    266,-1,
         269 ,    268 ,    266,-1,
         272 ,    271 ,    270,-1,
         273 ,    272 ,    270,-1,
         276 ,    275 ,    274,-1,
         277 ,    276 ,    274,-1,
         280 ,    279 ,    278,-1,
         281 ,    280 ,    278,-1,
         284 ,    283 ,    282,-1,
         285 ,    284 ,    282,-1,
          484 ,    485 ,    486,-1,
         484 ,    486 ,    487,-1,
         488 ,    489 ,    490,-1,
         488 ,    490 ,    491,-1,
         492 ,    493 ,    494,-1,  	-1,
         492  ,   494,     495   ,	-1,
         496  ,   497,     498   ,	-1,
         496  ,   498,     499   ,	-1,
         500  ,   501,     502   ,	-1,
         500  ,   502,     503   ,	-1,
         504  ,   505,     506   ,	-1,
         504  ,   506,     507   ,	-1,
         508  ,   509,     510   ,	-1,
         508  ,   510,     511   ,	-1,
         512  ,   513,     514   ,	-1,
         512  ,   514,     515   ,	-1,
          516  ,   517,     518   ,	-1,
         516  ,   518,     519   ,	-1,
         520  ,   521,     522   ,	-1,
         520  ,   522,     523   ,	-1,
         524  ,   525,     526   ,	-1,
         524  ,   526,     527   ,	-1,
         528  ,   529,     530   ,	-1,
         528  ,   530,     531   ,	-1,
        532  ,   533,     534   ,	-1,
        532  ,   534,     535   ,	-1,
        536  ,   537,     538   ,	-1,
        536  ,   538,     539   ,	-1,
        540  ,   541,     542   ,	-1,
        540  ,   542,     543   ,	-1,
        544  ,   545,     546   ,	-1,
        544  ,   546,     547   ,	-1,









